61 1 -1 10000 0
25 1 5 6330 0
88 1 6 8064 0
130 1 2 7902 0
29 1 7 7239 0
53 1 6 7307 0
112 1 6 6093 0
133 1 2 5826 0
31 1 6 8656 0
1 1 5 7950 0
100 1 3 7730 0
160 1 6 5441 0
6 1 5 7784 0
173 1 0 8068 0
47 1 8 6280 0
167 1 9 5283 0
7 1 0 5414 1
82 1 8 5089 0
58 1 7 8761 0
85 1 7 6296 0
177 1 7 5095 0
123 1 9 2260 0
165 1 9 3322 0
19 1 0 3341 0
48 1 9 4558 0
5 1 0 5964 0
111 1 7 4845 0
39 1 9 2666 0
16 1 6 3232 0
104 1 6 9350 0
169 1 0 5088 0
159 1 6 4147 0
147 1 0 5607 0
124 1 7 5323 0
86 1 6 5642 0
83 1 7 3099 0
35 1 7 5510 0
7 1 0 4017 0
38 1 8 9014 0
87 1 0 9436 0
90 1 5 4811 0
152 1 8 4780 0
164 1 5 6561 0
1 1 3 5471 0
3 1 9 4138 0
23 1 5 5044 0
47 1 9 3093 0
150 1 4 7560 0
156 1 3 6507 0
118 1 4 7506 0
91 1 -1 10000 0
198 1 1 4834 1
44 1 4 5691 0
181 1 9 2908 0
173 1 2 4813 0
151 1 3 7410 0
36 1 9 1903 0
199 1 0 5158 1
172 1 9 3427 0
28 1 7 9866 0
125 1 9 4624 0
18 1 4 5600 0
107 1 9 5048 0
55 1 4 6269 0
106 1 8 2732 0
65 1 2 5657 0
70 1 9 6312 0
134 1 9 5214 0
161 1 9 4350 0
66 1 6 7183 0
37 1 9 2611 0
192 1 0 4299 1
117 1 0 4786 0
113 1 9 2126 0
52 1 9 1425 0
129 1 9 4735 0
17 1 7 2335 0
158 1 9 2725 0
154 1 7 9372 0
103 1 9 2590 0
115 1 7 4310 0
95 1 9 1862 0
2 1 4 7921 0
79 1 9 2246 0
105 1 9 2172 0
119 1 0 6973 0
160 1 9 2042 0
22 1 9 5931 0
136 1 2 5601 0
26 1 3 7768 0
30 1 4 5730 0
8 1 6 7591 0
101 1 9 3454 0
10 1 6 4458 0
71 1 3 8141 0
84 1 8 3109 0
197 1 0 4299 1
49 1 4 3984 0
85 1 5 6815 0
24 1 9 2564 0
132 1 -1 10000 0
142 1 7 5896 0
155 1 9 1939 0
29 1 7 3892 0
58 1 5 3338 0
50 1 9 4452 0
196 1 0 2749 1
82 1 2 2989 0
190 1 0 4406 1
135 1 3 6000 0
102 1 9 2761 0
12 1 9 2642 0
57 1 4 4603 0
179 1 8 3329 0
77 1 6 4185 0
63 1 4 9130 0
99 1 7 4941 0
33 1 9 3055 0
178 1 4 4960 0
149 1 7 8093 0
56 1 9 6327 0
11 1 9 1706 0
133 1 2 2926 0
20 1 3 2222 0
195 1 0 3929 1
120 1 4 2570 0
114 1 0 7718 0
191 1 0 3844 1
194 1 0 4129 1
43 1 8 3083 0
186 1 0 3123 1
108 1 6 4566 0
4 1 9 3808 0
144 1 0 6342 0
189 1 0 7321 1
92 1 7 2919 0
183 1 0 7417 1
157 1 9 6113 0
69 1 7 5792 0
185 1 0 7958 1
130 1 7 6715 0
146 1 7 3312 0
128 1 9 4236 0
34 1 8 3139 0
167 1 9 2092 0
13 1 6 4857 0
110 1 9 3668 0
174 1 9 4430 0
45 1 7 2865 0
9 1 7 2530 0
53 1 8 7291 0
40 1 9 3985 0
88 1 9 1625 0
200 1 0 2945 1
188 1 0 2265 1
62 1 8 3858 0
131 1 3 4868 0
27 1 9 1921 0
72 1 9 1793 0
126 1 7 3638 0
187 1 0 3603 1
137 1 7 8712 0
73 1 2 4542 0
75 1 9 1934 0
93 1 9 1220 0
21 1 6 3507 0
143 1 9 2836 0
180 1 3 7632 0
74 1 3 2614 0
127 1 9 4379 0
140 1 9 2702 0
25 1 8 2602 0
116 1 9 2097 0
121 1 4 5287 0
61 1 9 2442 0
168 1 6 4910 0
54 1 9 1639 0
145 1 6 5710 0
139 1 7 3332 0
51 1 7 6784 0
60 1 7 8727 0
153 1 0 3835 0
171 1 9 3080 0
141 1 9 1768 0
80 1 3 4906 0
31 1 4 3838 0
94 1 9 2675 0
170 1 7 1868 0
42 1 3 9788 0
100 1 6 4369 0
64 1 9 1784 0
68 1 9 1012 0
67 1 9 3243 0
89 1 9 3130 0
81 1 4 8776 0
193 1 0 2281 1
14 1 9 2975 0
6 1 9 4478 0
32 1 6 7133 0
162 1 0 4105 0
163 1 4 6781 0
166 1 6 6189 0
41 1 2 6579 0
182 1 0 4104 1
15 1 4 2635 0
109 1 6 1788 0
175 1 5 6890 0
46 1 9 2142 0
96 1 5 3971 0
59 1 6 5243 0
112 1 7 6690 0
78 1 6 6055 0
97 1 9 9083 0
122 1 9 1096 0
148 1 9 1111 0
76 1 6 6516 0
138 1 7 6926 0
184 1 0 4139 1
176 1 7 4110 0
98 1 7 4807 0
