99 1 0 5893 1
131 1 0 8041 1
157 1 5 2424 0
122 1 9 2157 0
158 1 0 4524 1
106 1 2 4341 0
12 1 0 6113 1
175 1 5 2109 0
146 1 3 3725 0
148 1 9 1856 0
34 1 6 2648 0
133 1 6 2065 0
31 1 1 5065 1
145 1 2 4229 0
178 1 5 2315 0
3 1 7 3932 0
123 1 9 1953 0
60 1 7 5149 0
10 1 4 2396 0
5 1 0 4143 1
143 1 2 4073 0
106 1 2 3622 0
118 1 7 2573 0
132 1 1 5400 0
56 1 5 2514 0
187 1 0 5055 1
34 1 6 2170 0
121 1 5 5172 0
131 1 4 3483 0
186 1 0 4580 1
76 1 3 2904 0
160 1 6 3099 0
111 1 5 3556 0
149 1 3 2649 0
73 1 4 4414 0
67 1 8 2279 0
157 1 9 1780 0
172 1 9 2873 0
167 1 9 3089 0
104 1 7 6713 0
87 1 4 5398 0
185 1 0 3376 1
156 1 4 3565 0
194 1 0 5781 1
162 1 2 3525 0
125 1 9 2135 0
8 1 2 5957 0
161 1 6 1800 0
164 1 6 3203 0
102 1 6 5916 0
13 1 5 4170 0
174 1 9 1756 0
37 1 9 2451 0
33 1 8 2165 0
21 1 8 2817 0
88 1 7 3167 0
70 1 6 2301 0
1 1 5 2331 0
108 1 6 5293 0
190 1 0 5744 1
105 1 4 2531 0
23 1 9 2533 0
123 1 9 2063 0
36 1 9 2338 0
114 1 2 5193 0
109 1 6 2566 0
35 1 8 4476 0
50 1 8 3439 0
148 1 9 2544 0
140 1 8 2931 0
28 1 3 4305 0
48 1 9 2701 0
74 1 2 4713 0
42 1 2 4306 0
169 1 4 3562 0
54 1 9 2552 0
40 1 9 2457 0
55 1 4 5556 0
4 1 9 4542 0
113 1 8 4333 0
18 1 4 2461 0
198 1 0 4708 1
62 1 5 4393 0
17 1 6 2805 0
119 1 1 7870 0
178 1 1 1160 0
112 1 5 3548 0
41 1 1 4343 0
182 1 0 4209 1
168 1 7 3521 0
100 1 3 2927 0
153 1 2 3158 0
10 1 4 2769 0
86 1 7 2441 0
82 1 3 3337 0
144 1 1 4721 0
57 1 5 2712 0
44 1 3 3451 0
181 1 9 5601 0
171 1 9 3243 0
128 1 9 2814 0
77 1 8 3383 0
145 1 2 3510 0
184 1 0 5132 1
20 1 3 4208 0
192 1 0 5658 1
25 1 5 4974 0
94 1 8 7043 0
58 1 3 4038 0
53 1 5 2334 0
84 1 7 4065 0
101 1 6 2427 0
179 1 2 2686 0
22 1 7 4369 0
97 1 8 2569 0
51 1 6 2295 0
120 1 3 2765 0
166 1 4 3457 0
189 1 0 5992 1
173 1 1 2942 0
68 1 4 2210 0
78 1 6 2698 0
26 1 1 4396 0
60 1 4 2293 0
176 1 6 2308 0
93 1 7 2545 0
103 1 8 2135 0
152 1 4 3246 0
65 1 2 3504 0
90 1 7 2416 0
180 1 8 2232 0
24 1 8 2231 0
15 1 3 2089 0
142 1 6 2975 0
110 1 1 7624 0
9 1 4 2305 0
151 1 2 4480 0
61 1 7 1663 0
30 1 8 3729 0
137 1 6 5512 0
159 1 9 2215 0
154 1 6 2450 0
177 1 4 2504 0
31 1 2 7589 0
12 1 7 3825 0
150 1 3 3896 0
115 1 6 2921 0
45 1 6 2849 0
66 1 7 3511 0
46 1 3 4280 0
191 1 0 6801 1
133 1 2 2481 0
197 1 0 5584 1
175 1 3 2792 0
165 1 8 3481 0
3 1 8 2265 0
98 1 4 3184 0
43 1 7 3560 0
69 1 3 4159 0
5 1 3 6640 0
11 1 5 4105 0
136 1 3 3397 0
107 1 7 3318 0
130 1 3 3656 0
81 1 2 4191 0
71 1 3 4233 0
19 1 3 4911 0
129 1 9 4574 0
63 1 5 6265 0
170 1 9 3119 0
138 1 6 4008 0
16 1 5 5952 0
126 1 5 4686 0
27 1 9 2352 0
99 1 7 3523 0
141 1 8 3375 0
134 1 5 3216 0
14 1 8 2359 0
193 1 0 5696 1
49 1 3 3241 0
52 1 7 2952 0
91 1 3 3897 0
96 1 5 4153 0
39 1 9 2561 0
116 1 4 3664 0
199 1 0 5063 1
32 1 7 4386 0
7 1 2 4061 0
79 1 7 4673 0
183 1 0 5001 1
195 1 0 7621 1
6 1 7 4024 0
92 1 8 3103 0
75 1 9 5369 0
146 1 2 3568 0
135 1 3 5875 0
200 1 0 6049 1
47 1 8 4104 0
59 1 4 3162 0
95 1 6 3890 0
29 1 7 3129 0
139 1 6 3584 0
147 1 1 3864 0
85 1 6 4185 0
196 1 0 4656 1
38 1 5 2968 0
163 1 2 5224 0
122 1 8 3122 0
155 1 9 2198 0
158 1 8 4033 0
89 1 8 3768 0
127 1 4 3808 0
124 1 6 3128 0
2 1 4 3975 0
80 1 8 4518 0
64 1 9 2337 0
83 1 8 3297 0
72 1 9 2896 0
188 1 0 6392 1
117 1 1 5913 0
