116 1 7 7711 0
10 1 2 7436 0
176 1 3 20456 0
81 1 0 11138 1
7 1 1 7231 0
106 1 3 14027 0
69 1 4 13532 0
92 1 6 8449 0
61 1 0 12542 1
43 1 8 4921 0
98 1 3 6815 0
152 1 9 7538 0
90 1 6 9264 0
34 1 0 7526 1
2 1 4 12723 0
169 1 0 14208 0
83 1 8 14224 0
57 1 9 6596 0
114 1 0 23509 0
54 1 9 19709 0
71 1 3 3508 0
34 1 5 7938 0
18 1 6 5170 0
156 1 1 6917 0
80 1 6 14455 0
10 1 3 16746 0
14 1 8 9413 0
58 1 6 6016 0
170 1 9 3879 0
73 1 3 15261 0
1 1 5 9448 0
54 1 8 2612 0
11 1 7 3943 0
147 1 1 5485 0
173 1 1 11978 0
78 1 4 3861 0
84 1 9 5754 0
77 1 7 6526 0
35 1 6 6436 0
68 1 2 3534 0
63 1 1 6146 0
64 1 9 2743 0
59 1 3 5429 0
118 1 3 13421 0
165 1 9 2111 0
30 1 6 8397 0
44 1 1 5799 0
15 1 4 5891 0
91 1 4 4583 0
89 1 7 37580 0
37 1 9 2082 0
92 1 6 4047 0
49 1 4 3054 0
47 1 7 7018 0
187 1 0 5609 1
100 1 3 5281 0
130 1 4 4955 0
182 1 0 12123 1
150 1 2 4559 0
51 1 6 4441 0
56 1 4 24161 0
24 1 5 20766 0
179 1 2 4959 0
148 1 9 1956 0
43 1 5 4304 0
90 1 4 2696 0
2 1 2 3005 0
38 1 4 7870 0
55 1 1 8571 0
124 1 4 3512 0
50 1 5 2828 0
133 1 4 5283 0
7 1 2 2445 0
167 1 9 6593 0
174 1 6 7830 0
176 1 2 4312 0
9 1 4 4669 0
127 1 1 7073 0
31 1 3 4197 0
125 1 8 4780 0
88 1 3 6300 0
159 1 7 3881 0
5 1 1 10704 0
193 1 0 13861 1
139 1 3 13785 0
131 1 0 27163 0
108 1 0 15673 0
155 1 3 3191 0
158 1 2 2956 0
115 1 5 1663 0
185 1 0 16673 1
169 1 1 7089 0
140 1 4 4841 0
28 1 2 6622 0
154 1 3 3706 0
166 1 3 3223 0
76 1 3 2271 0
86 1 5 5213 0
97 1 6 2738 0
152 1 6 4715 0
171 1 9 4855 0
136 1 6 4480 0
172 1 9 4593 0
143 1 1 4547 0
151 1 3 4569 0
161 1 6 3042 0
195 1 0 15119 1
168 1 7 2946 0
95 1 8 1406 0
16 1 3 5097 0
142 1 6 3133 0
134 1 5 2654 0
26 1 1 5709 0
126 1 6 13956 0
105 1 7 12438 0
93 1 8 5487 0
135 1 2 7626 0
197 1 0 15008 1
17 1 4 4911 0
162 1 2 3485 0
82 1 2 6979 0
190 1 0 12830 1
120 1 4 3528 0
114 1 1 11495 0
186 1 0 8991 1
53 1 2 5936 0
21 1 2 4205 0
107 1 6 9416 0
122 1 8 3324 0
52 1 8 1942 0
29 1 7 3003 0
163 1 2 3284 0
60 1 8 5778 0
145 1 2 3760 0
189 1 0 7159 1
41 1 1 3686 0
191 1 0 13714 1
123 1 9 9388 0
12 1 7 4387 0
83 1 5 2015 0
128 1 9 3750 0
61 1 7 3067 0
153 1 1 5850 0
33 1 7 9170 0
99 1 7 4433 0
116 1 3 5766 0
106 1 2 2487 0
160 1 4 1716 0
36 1 8 4095 0
8 1 5 8231 0
184 1 0 11299 1
111 1 2 3180 0
181 1 6 5261 0
199 1 0 16322 1
109 1 6 3549 0
72 1 8 3751 0
129 1 8 1922 0
113 1 8 2807 0
4 1 7 5898 0
132 1 1 5891 0
46 1 4 3436 0
102 1 5 5714 0
70 1 7 6348 0
141 1 2 2308 0
110 1 3 4177 0
85 1 6 2939 0
20 1 3 3911 0
39 1 8 22937 0
81 1 3 7355 0
62 1 5 3292 0
23 1 6 1882 0
103 1 6 3051 0
67 1 5 3239 0
119 1 1 5647 0
65 1 2 4181 0
138 1 4 11363 0
194 1 0 9100 1
87 1 1 15628 0
149 1 2 1865 0
19 1 1 7177 0
25 1 3 2280 0
3 1 7 3125 0
121 1 1 5725 0
48 1 9 4609 0
178 1 2 4814 0
66 1 5 5974 0
79 1 4 3399 0
6 1 2 10180 0
22 1 7 3429 0
117 1 2 8847 0
157 1 7 6110 0
175 1 4 2929 0
40 1 6 2158 0
198 1 0 7560 1
94 1 5 5308 0
183 1 0 17616 1
146 1 1 3159 0
101 1 4 5824 0
164 1 3 5377 0
200 1 0 11704 1
13 1 2 2514 0
42 1 3 10128 0
188 1 0 10495 1
180 1 6 2807 0
112 1 6 4769 0
98 1 4 2711 0
96 1 4 1475 0
57 1 7 2867 0
192 1 0 9467 1
45 1 3 3541 0
196 1 0 15141 1
144 1 4 5879 0
104 1 4 5161 0
69 1 2 3879 0
75 1 6 1908 0
177 1 3 2841 0
27 1 7 2373 0
32 1 6 1877 0
137 1 3 4878 0
74 1 4 1840 0
