160 2 4 6896 0
67 2 7 4352 0
136 2 1 3562 1
127 2 4 3329 0
76 2 5 3444 0
52 2 8 2791 0
122 2 1 3155 0
11 2 2 4337 0
155 2 6 2162 0
146 2 3 4097 0
64 2 4 5042 0
62 2 8 4459 0
24 2 1 2506 0
29 2 3 4259 0
61 2 6 2822 0
84 2 5 2889 0
166 2 1 2171 1
10 2 3 2181 0
92 2 3 2335 0
128 2 8 4098 0
174 2 8 5531 0
53 2 3 2565 0
41 2 1 2961 0
160 2 6 3057 0
165 2 7 2221 0
161 2 8 1704 0
16 2 1 2148 0
132 2 2 2853 0
131 2 4 4782 0
158 2 9 4195 0
167 2 4 3787 0
113 2 2 2110 0
19 2 1 2355 0
128 2 8 1694 0
67 2 7 1845 0
66 2 6 2269 0
188 2 0 2224 1
61 2 8 2038 0
141 2 8 3120 0
172 2 7 2782 0
139 2 1 1988 0
33 2 2 1572 0
51 2 4 2183 0
47 2 4 1699 0
28 2 1 2090 0
24 2 0 2789 0
98 2 2 2346 0
83 2 2 2022 0
30 2 3 1686 0
185 2 0 2286 1
38 2 1 2517 0
11 2 2 2542 0
54 2 4 2327 0
50 2 9 2117 0
18 2 6 4468 0
111 2 5 2623 0
168 2 9 2134 0
110 2 9 2191 0
27 2 4 2808 0
102 2 6 2635 0
123 2 6 1931 0
154 2 5 3324 0
85 2 5 3248 0
184 2 0 1653 1
3 2 3 2696 0
72 2 3 4191 0
62 2 5 1888 0
65 2 3 4533 0
105 2 0 2167 0
186 2 0 4341 1
180 2 6 4087 0
92 2 7 1842 0
87 2 1 1440 0
118 2 9 1830 0
2 2 3 2327 0
58 2 2 2462 0
151 2 2 2196 0
109 2 0 2052 0
125 2 0 1961 0
64 2 6 1785 0
1 2 0 1581 0
127 2 3 1798 0
26 2 0 1783 0
79 2 5 2703 0
147 2 2 2221 0
144 2 2 1717 0
142 2 2 1651 0
97 2 2 2036 0
143 2 3 1449 0
187 2 0 1505 1
140 2 5 2366 0
20 2 6 2119 0
80 2 9 1774 0
44 2 6 3988 0
99 2 6 1819 0
90 2 7 4620 0
149 2 2 2668 0
63 2 3 1852 0
195 2 0 2004 1
155 2 9 1342 0
120 2 6 2781 0
59 2 6 2151 0
5 2 2 3697 0
78 2 3 3307 0
86 2 0 2541 0
12 2 5 2585 0
119 2 0 1947 0
112 2 6 2090 0
152 2 0 1914 0
138 2 3 1701 0
17 2 9 4269 0
14 2 9 2504 0
22 2 3 2076 0
76 2 5 2258 0
40 2 4 2597 0
68 2 5 3431 0
52 2 9 1706 0
182 2 0 1825 1
199 2 0 1818 1
91 2 1 3014 0
176 2 4 4558 0
48 2 8 2000 0
164 2 8 2959 0
70 2 9 1874 0
4 2 7 2110 0
124 2 5 1873 0
191 2 0 1328 1
198 2 1 2778 1
122 2 2 2591 0
177 2 3 1227 0
194 2 0 1486 1
129 2 2 2181 0
156 2 5 1700 0
130 2 0 2214 0
157 2 4 3179 0
75 2 5 1727 0
145 2 3 1636 0
96 2 2 2769 0
100 2 2 2474 0
166 2 3 2117 0
173 2 0 2300 0
9 2 3 2441 0
169 2 5 4508 0
171 2 9 2113 0
57 2 2 2794 0
183 2 0 2007 1
197 2 0 1691 1
178 2 1 2346 0
136 2 5 4341 0
133 2 5 2388 0
39 2 4 2607 0
170 2 9 2101 0
60 2 5 3833 0
42 2 2 2744 0
88 2 5 3589 0
117 2 6 1820 0
104 2 0 2002 0
37 2 6 3968 0
74 2 4 2225 0
32 2 7 2501 0
34 2 3 1726 0
153 2 0 1640 0
13 2 1 2048 0
93 2 3 1758 0
82 2 8 1671 0
150 2 0 2953 0
84 2 3 2399 0
163 2 0 1198 0
94 2 9 1981 0
175 2 7 1885 0
126 2 6 1495 0
25 2 9 1356 0
121 2 3 4871 0
36 2 5 3384 0
134 2 1 2110 0
49 2 3 2348 0
69 2 0 2598 0
81 2 1 1670 0
159 2 9 2990 0
15 2 3 2913 0
35 2 4 3441 0
73 2 5 1658 0
200 2 3 2176 1
55 2 5 5344 0
181 2 5 1314 0
114 2 1 4552 0
7 2 0 2254 0
101 2 3 2290 0
23 2 1 1978 0
77 2 4 1603 0
107 2 2 2199 0
106 2 1 1761 0
21 2 3 1751 0
196 2 0 2015 1
71 2 2 2276 0
146 2 2 1323 0
29 2 1 3094 0
179 2 3 1925 0
189 2 0 2371 1
31 2 2 1947 0
103 2 9 1690 0
190 2 1 1875 1
135 2 0 2229 0
115 2 3 1812 0
193 2 0 2276 1
162 2 0 1799 0
10 2 1 2786 0
43 2 3 1695 0
192 2 0 1542 1
8 2 3 1142 0
46 2 9 1439 0
45 2 2 2857 0
56 2 2 2063 0
137 2 4 1337 0
148 2 5 2533 0
6 2 2 2084 0
89 2 3 2076 0
116 2 2 2620 0
95 2 4 2069 0
108 2 5 1931 0
