27 2 3 4098 0
9 2 2 2752 0
159 2 7 2807 0
32 2 4 3080 0
173 2 1 4709 0
104 2 1 4467 0
81 2 3 2647 0
78 2 1 7574 0
60 2 3 6819 0
85 2 3 2283 0
26 2 1 3093 0
11 2 2 6938 0
30 2 3 2853 0
129 2 5 6151 0
31 2 1 3586 0
23 2 2 4376 0
51 2 6 4809 0
12 2 4 4307 0
35 2 2 2678 0
126 2 0 5696 0
73 2 7 3730 0
169 2 5 5137 0
85 2 4 6242 0
157 2 8 3901 0
167 2 9 1895 0
184 2 0 6762 1
126 2 3 6558 0
57 2 2 4687 0
197 2 0 7791 1
71 2 4 3736 0
70 2 7 3222 0
76 2 3 3146 0
110 2 9 2684 0
55 2 5 6082 0
128 2 9 1424 0
11 2 1 4512 0
19 2 1 2985 0
27 2 3 3687 0
91 2 2 2502 0
138 2 5 7442 0
195 2 0 5394 1
28 2 1 5467 0
68 2 2 5507 0
75 2 8 2877 0
166 2 9 1828 0
22 2 7 5765 0
189 2 0 7214 1
124 2 4 3299 0
64 2 6 5810 0
190 2 0 8128 1
36 2 4 5683 0
146 2 4 3111 0
51 2 8 2900 0
133 2 7 2560 0
172 2 9 1507 0
125 2 1 5382 0
9 2 4 3174 0
120 2 5 3332 0
170 2 9 2518 0
103 2 9 1615 0
142 2 6 4551 0
17 2 8 2659 0
109 2 -1 10000 0
200 2 0 6641 1
21 2 3 4217 0
18 2 6 4819 0
181 2 8 2261 0
78 2 1 2408 0
158 2 9 1658 0
198 2 0 6611 1
6 2 3 8369 0
52 2 9 2596 0
132 2 5 2413 0
147 2 6 4374 0
108 2 8 2839 0
139 2 4 4345 0
37 2 9 2907 0
92 2 8 3764 0
20 2 9 6133 0
60 2 5 2616 0
183 2 0 7897 1
41 2 1 5130 0
35 2 4 6056 0
59 2 3 4547 0
112 2 3 5057 0
174 2 9 3228 0
29 2 1 4644 0
163 2 1 3453 0
45 2 4 3886 0
69 2 6 6583 0
81 2 5 2152 0
56 2 7 3902 0
196 2 0 6488 1
96 2 1 2763 0
148 2 7 2341 0
43 2 8 6035 0
131 2 9 2811 0
30 2 9 5074 0
180 2 8 7808 0
179 2 3 7012 0
140 2 9 1740 0
137 2 6 4661 0
83 2 8 3841 0
182 2 0 6461 1
173 2 1 7034 0
101 2 8 3520 0
150 2 1 3934 0
46 2 9 1992 0
193 2 0 4767 1
61 2 6 2469 0
86 2 2 3214 0
66 2 8 4572 0
175 2 7 2531 0
44 2 8 3787 0
3 2 7 8687 0
155 2 9 3753 0
24 2 5 2932 0
1 2 3 2942 0
199 2 0 7472 1
31 2 2 1959 0
106 2 1 2890 0
4 2 4 2966 0
144 2 2 3915 0
129 2 7 2882 0
77 2 7 2293 0
23 2 5 3157 0
113 2 2 2179 0
80 2 6 6900 0
156 2 9 2282 0
98 2 3 2823 0
159 2 9 2546 0
99 2 6 2689 0
89 2 7 5971 0
114 2 1 5526 0
149 2 1 8290 0
26 2 3 3966 0
178 2 7 4882 0
14 2 8 2455 0
50 2 9 1849 0
111 2 5 5662 0
160 2 7 3052 0
122 2 1 5541 0
39 2 5 2707 0
116 2 7 3509 0
176 2 6 5522 0
115 2 0 8061 0
127 2 7 5325 0
79 2 8 6542 0
164 2 9 2155 0
48 2 9 3642 0
54 2 8 2004 0
121 2 3 5564 0
154 2 5 3192 0
145 2 4 2341 0
63 2 4 5336 0
134 2 1 6534 0
16 2 6 3381 0
62 2 8 2656 0
130 2 1 3421 0
7 2 2 3616 0
32 2 5 5340 0
153 2 2 4092 0
119 2 1 2450 0
88 2 4 8335 0
186 2 0 6452 1
136 2 5 2867 0
165 2 8 1749 0
143 2 9 1734 0
12 2 7 2867 0
171 2 9 1698 0
192 2 1 4841 1
25 2 9 2964 0
72 2 4 6429 0
2 2 5 4954 0
40 2 8 1942 0
135 2 0 7869 0
95 2 8 1767 0
168 2 9 1947 0
65 2 6 8016 0
33 2 9 1674 0
38 2 2 4522 0
49 2 5 2936 0
53 2 8 3090 0
118 2 9 3143 0
42 2 5 3588 0
191 2 0 6380 1
13 2 1 2664 0
185 2 0 4140 1
58 2 0 8035 0
94 2 6 3218 0
82 2 8 4067 0
107 2 5 6847 0
194 2 0 7092 1
10 2 1 2069 0
93 2 6 1951 0
187 2 0 3973 1
177 2 1 2496 0
105 2 2 2663 0
104 2 4 5389 0
162 2 1 2692 0
74 2 6 3621 0
67 2 7 6689 0
15 2 8 1899 0
117 2 8 2509 0
102 2 8 4177 0
152 2 3 3146 0
34 2 6 2502 0
100 2 2 2780 0
141 2 7 1678 0
161 2 6 2744 0
84 2 5 7002 0
97 2 8 2522 0
47 2 8 1254 0
8 2 2 3035 0
151 2 1 2250 0
90 2 3 3684 0
188 2 0 3394 1
123 2 9 2125 0
87 2 7 4974 0
5 2 6 4224 0
