145 2 6 4113 0
17 2 -1 10000 0
82 2 5 3522 0
175 2 6 3432 0
54 2 4 2593 0
36 2 7 3951 0
78 2 3 2680 0
90 2 4 4084 0
170 2 1 3133 0
31 2 7 4933 0
29 2 8 3127 0
118 2 5 7657 0
13 2 4 6773 0
99 2 5 3875 0
65 2 1 5629 0
100 2 1 4961 0
89 2 2 2751 0
40 2 3 2102 0
149 2 0 3578 0
83 2 0 2588 0
152 2 2 4228 0
116 2 3 3540 0
140 2 2 5007 0
27 2 4 3088 0
60 2 4 2206 0
167 2 7 2039 0
102 2 6 2833 0
69 2 0 4137 0
154 2 2 4644 0
156 2 8 3165 0
105 2 4 4922 0
163 2 4 4788 0
196 2 0 4309 1
70 2 3 2523 0
142 2 1 4648 0
197 2 0 3776 1
145 2 2 3685 0
141 2 8 2538 0
78 2 0 4224 0
43 2 5 3235 0
114 2 0 4677 0
143 2 6 2774 0
111 2 6 4050 0
159 2 5 3643 0
170 2 9 2315 0
25 2 9 3920 0
16 2 5 4888 0
5 2 3 5085 0
24 2 2 3961 0
32 2 4 5406 0
3 2 8 2543 0
84 2 7 5679 0
55 2 8 3931 0
190 2 0 3950 1
86 2 1 3319 0
79 2 9 1834 0
48 2 9 2008 0
188 2 0 3659 1
177 2 4 3201 0
31 2 3 2698 0
29 2 1 5210 0
144 2 1 3649 0
147 2 2 3025 0
82 2 9 1695 0
9 2 5 4929 0
40 2 9 1631 0
10 2 4 3966 0
178 2 5 3293 0
115 2 0 5208 0
99 2 8 4093 0
36 2 6 3953 0
14 2 3 3579 0
101 2 9 1660 0
45 2 8 4327 0
129 2 5 3215 0
171 2 9 1572 0
26 2 2 4141 0
136 2 3 4086 0
41 2 2 4059 0
98 2 1 4301 0
199 2 0 4207 1
87 2 0 4820 0
137 2 4 2049 0
153 2 3 2744 0
165 2 8 2104 0
184 2 0 5869 1
94 2 9 1351 0
173 2 7 2898 0
65 2 4 4379 0
117 2 2 5179 0
97 2 1 3662 0
67 2 9 2426 0
68 2 0 5266 0
77 2 1 3921 0
42 2 0 4951 0
146 2 9 2085 0
89 2 6 3976 0
104 2 7 4992 0
191 2 0 5791 1
93 2 4 5294 0
135 2 0 6242 0
64 2 6 5312 0
28 2 0 7186 0
175 2 8 2244 0
109 2 7 2351 0
13 2 0 7110 0
185 2 0 2589 1
103 2 9 1490 0
11 2 5 5144 0
57 2 4 4430 0
121 2 4 4947 0
23 2 2 6101 0
174 2 9 2059 0
157 2 9 1110 0
200 2 5 4955 1
122 2 2 4945 0
66 2 8 5554 0
127 2 9 2169 0
100 2 6 3791 0
81 2 5 4570 0
181 2 1 6117 0
193 2 0 8952 1
195 2 0 3489 1
110 2 9 1975 0
46 2 9 1026 0
21 2 5 7433 0
189 2 0 6845 1
61 2 6 1705 0
8 2 6 3685 0
18 2 9 1453 0
183 2 0 7464 1
20 2 8 2347 0
7 2 4 3781 0
6 2 1 5094 0
106 2 1 4159 0
96 2 4 2650 0
149 2 1 4610 0
118 2 9 1694 0
12 2 7 4652 0
19 2 1 5743 0
35 2 4 5719 0
187 2 0 4090 1
2 2 3 3141 0
168 2 8 3821 0
72 2 6 3874 0
62 2 9 1828 0
151 2 0 6000 0
51 2 9 2455 0
113 2 4 4179 0
112 2 4 4036 0
148 2 9 1483 0
169 2 9 1340 0
56 2 5 3677 0
44 2 9 1408 0
33 2 5 2858 0
1 2 4 5779 0
166 2 9 1643 0
88 2 6 3002 0
164 2 9 1546 0
155 2 8 2824 0
131 2 8 2702 0
130 2 0 7549 0
53 2 4 3137 0
59 2 2 3852 0
172 2 8 1748 0
198 2 0 7074 1
150 2 0 7722 0
179 2 3 5658 0
83 2 1 2620 0
85 2 3 2326 0
134 2 0 6740 0
4 2 9 3230 0
139 2 7 2715 0
119 2 1 9297 0
76 2 4 2679 0
90 2 9 1485 0
58 2 1 5249 0
160 2 2 3871 0
126 2 1 4921 0
38 2 2 3183 0
120 2 3 2271 0
49 2 3 1907 0
182 2 0 5385 1
50 2 7 3031 0
17 2 8 2065 0
73 2 9 3100 0
47 2 7 4982 0
15 2 3 4478 0
108 2 9 2231 0
54 2 8 2076 0
52 2 9 5163 0
95 2 8 3881 0
22 2 9 2788 0
34 2 6 3707 0
162 2 2 3208 0
71 2 2 2198 0
75 2 3 1817 0
37 2 9 2091 0
74 2 7 2177 0
176 2 6 3628 0
192 2 0 6437 1
63 2 1 2171 0
186 2 0 7237 1
92 2 2 1970 0
158 2 6 2016 0
107 2 2 2419 0
30 2 2 1845 0
80 2 3 2611 0
124 2 8 5078 0
128 2 7 2654 0
133 2 7 4669 0
39 2 8 3427 0
132 2 7 2218 0
161 2 7 3146 0
91 2 7 3499 0
123 2 4 2151 0
180 2 6 2696 0
125 2 5 2805 0
138 2 5 3185 0
194 2 0 7592 1
