176 2 8 2713 0
139 2 9 1913 0
36 2 9 2046 0
74 2 7 1967 0
178 2 8 2012 0
50 2 9 1818 0
24 2 6 3936 0
92 2 9 1696 0
90 2 8 2786 0
42 2 1 2582 0
84 2 9 1357 0
128 2 9 1097 0
113 2 7 3559 0
145 2 1 2880 1
41 2 6 3402 0
81 2 9 1461 0
52 2 9 1094 0
2 2 8 4179 0
98 2 8 2515 0
87 2 7 3109 0
133 2 9 1717 0
116 2 1 1874 0
108 2 9 1140 0
36 2 8 1390 0
14 2 9 1655 0
46 2 9 1416 0
98 2 6 1953 0
97 2 9 1774 0
81 2 8 2174 0
9 2 9 1355 0
64 2 8 3358 0
198 2 3 2563 1
177 2 9 1249 0
38 2 4 2804 0
13 2 7 3911 0
174 2 9 1234 0
131 2 9 1067 0
117 2 9 1384 0
163 2 1 2733 0
57 2 7 2710 0
27 2 9 1883 0
132 2 9 2393 0
43 2 9 1076 0
172 2 9 1617 0
58 2 8 1786 0
191 2 1 3708 1
84 2 9 1585 0
135 2 2 2511 0
48 2 9 1214 0
160 2 9 2168 0
49 2 8 2038 0
67 2 9 1180 0
68 2 8 2353 0
125 2 2 3239 0
107 2 8 1924 0
42 2 6 2720 0
69 2 1 2820 0
194 2 2 2979 1
109 2 8 1951 0
188 2 1 2746 1
6 2 9 1594 0
195 2 1 2479 1
153 2 9 2129 0
15 2 8 2335 0
192 2 1 3018 1
23 2 7 2375 0
178 2 9 2170 0
143 2 9 1424 0
110 2 9 1663 0
193 2 1 2112 1
181 2 9 1475 0
101 2 9 1055 0
156 2 9 1054 0
80 2 9 1027 0
166 2 9 1644 0
73 2 9 1627 0
70 2 9 2080 0
24 2 7 2093 0
165 2 9 1327 0
91 2 7 1920 0
22 2 9 1355 0
96 2 8 1493 0
113 2 3 2288 0
122 2 4 3435 0
77 2 9 1940 0
197 2 1 3810 1
134 2 7 1869 0
99 2 9 1761 0
141 2 9 1951 0
170 2 9 1869 0
136 2 9 1936 0
196 2 1 2574 1
41 2 3 1956 0
74 2 9 2379 0
4 2 9 1046 0
175 2 9 2225 0
75 2 8 1515 0
50 2 9 1281 0
149 2 1 3421 0
103 2 9 1379 0
93 2 9 3434 0
127 2 9 1107 0
8 2 9 3010 0
119 2 1 3746 0
151 2 6 3204 0
144 2 9 1927 0
118 2 8 1459 0
114 2 7 5838 0
35 2 8 2586 0
152 2 3 4437 0
31 2 9 2131 0
40 2 9 1434 0
179 2 9 1485 0
71 2 4 3542 0
168 2 9 1438 0
199 2 1 2149 1
95 2 9 1345 0
183 2 1 3892 1
148 2 9 2426 0
106 2 6 3831 0
187 2 1 2101 1
129 2 9 1452 0
161 2 9 1328 0
145 2 9 2937 0
90 2 7 2987 0
182 2 1 2602 1
79 2 9 1359 0
111 2 9 2190 0
167 2 9 1710 0
72 2 9 2579 0
54 2 8 2059 0
176 2 9 1715 0
185 2 1 1905 1
190 2 1 2017 1
102 2 9 1972 0
142 2 8 2584 0
20 2 9 1398 0
76 2 9 1551 0
61 2 9 2458 0
200 2 2 4072 1
105 2 9 1953 0
66 2 9 1569 0
157 2 9 1135 0
137 2 9 1571 0
158 2 9 2106 0
45 2 9 1373 0
10 2 9 2597 0
3 2 8 1660 0
171 2 9 1114 0
164 2 9 1014 0
33 2 9 3520 0
146 2 9 1931 0
130 2 1 2865 0
86 2 2 3012 0
162 2 1 2110 0
123 2 9 1277 0
92 2 9 1607 0
154 2 8 1879 0
155 2 9 1045 0
2 2 8 1901 0
184 2 2 4840 1
53 2 9 1761 0
17 2 9 2209 0
19 2 4 6371 0
159 2 9 2420 0
26 2 6 2608 0
44 2 9 3117 0
120 2 9 1695 0
37 2 9 1250 0
18 2 9 1793 0
25 2 9 1381 0
59 2 8 1886 0
65 2 1 2414 0
55 2 9 1280 0
29 2 1 2780 0
180 2 9 1436 0
62 2 7 2026 0
12 2 9 1862 0
128 2 9 1332 0
11 2 3 2753 0
150 2 3 3018 0
32 2 9 1264 0
63 2 9 2506 0
87 2 3 3178 0
139 2 7 2037 0
51 2 9 1351 0
83 2 9 1543 0
47 2 7 2187 0
186 2 1 3280 1
126 2 7 1890 0
89 2 9 2452 0
173 2 1 3026 0
88 2 9 3111 0
112 2 8 3125 0
56 2 8 2925 0
34 2 8 2931 0
1 2 8 3423 0
21 2 7 5203 0
52 2 9 1413 0
28 2 8 2751 0
94 2 9 1162 0
60 2 8 3714 0
189 2 1 3976 1
147 2 1 2416 0
124 2 9 2054 0
30 2 9 2340 0
78 2 8 2539 0
100 2 7 3593 0
5 2 7 2140 0
104 2 2 4396 0
138 2 8 1775 0
16 2 9 3036 0
115 2 8 2169 0
85 2 9 1623 0
121 2 9 1597 0
39 2 9 1801 0
140 2 9 1868 0
7 2 3 3098 0
82 2 9 1452 0
169 2 9 2017 0
