102 3 6 9598 0
136 3 5 7933 0
82 3 6 5591 0
151 3 2 8332 0
77 3 1 4659 0
170 3 2 3503 0
21 3 6 3587 0
162 3 3 6010 0
116 3 9 6637 0
98 3 7 3643 0
37 3 9 4755 0
81 3 2 8327 0
50 3 9 2055 0
127 3 9 2866 0
28 3 2 5529 0
130 3 5 3914 0
66 3 4 5455 0
168 3 9 3364 0
181 3 8 5831 0
18 3 9 3223 0
38 3 9 3119 0
114 3 2 5526 0
119 3 0 6707 0
63 3 7 6360 0
189 3 0 7603 1
148 3 9 1703 0
115 3 8 1709 0
9 3 7 2343 0
31 3 4 4601 0
155 3 8 4749 0
17 3 5 3374 0
85 3 7 5958 0
37 3 9 2686 0
132 3 8 2910 0
27 3 9 3938 0
142 3 9 6085 0
22 3 5 5018 0
145 3 3 5235 0
20 3 6 4111 0
193 3 0 5863 1
182 3 0 8689 1
30 3 9 2321 0
196 3 0 8004 1
10 3 2 3949 0
44 3 9 3592 0
141 3 2 6865 0
169 3 4 3487 0
140 3 9 1330 0
128 3 9 1511 0
2 3 4 6312 0
32 3 5 2213 0
29 3 9 2787 0
165 3 8 3281 0
166 3 9 1595 0
159 3 6 5365 0
43 3 5 3025 0
147 3 5 2999 0
175 3 9 1855 0
26 3 1 7399 0
5 3 9 4615 0
139 3 2 4265 0
186 3 1 4430 1
174 3 4 5680 0
65 3 1 7710 0
137 3 0 7374 0
48 3 9 1878 0
158 3 8 2704 0
84 3 9 1806 0
124 3 8 2521 0
178 3 5 2721 0
52 3 9 1485 0
183 3 0 8256 1
129 3 1 3750 0
122 3 9 1825 0
82 3 9 1439 0
170 3 8 1697 0
25 3 9 2028 0
87 3 0 8843 0
188 3 0 5137 1
57 3 2 4342 0
133 3 5 2339 0
55 3 5 1800 0
200 3 0 6688 1
81 3 0 5595 0
88 3 3 3285 0
143 3 3 2436 0
68 3 8 3461 0
86 3 7 3136 0
3 3 7 1723 0
24 3 7 2989 0
154 3 0 6126 0
112 3 6 2678 0
91 3 4 5434 0
197 3 0 7432 1
1 3 4 6044 0
96 3 7 3474 0
62 3 9 1418 0
61 3 3 7512 0
78 3 4 2158 0
164 3 9 1377 0
187 3 0 7234 1
167 3 6 5786 0
191 3 0 4415 1
11 3 6 5615 0
105 3 3 6493 0
160 3 8 3297 0
103 3 9 1400 0
70 3 6 2796 0
36 3 9 2900 0
23 3 9 2277 0
111 3 3 4808 0
50 3 6 2570 0
72 3 8 2566 0
195 3 0 5016 1
192 3 0 4709 1
123 3 8 2950 0
100 3 6 5743 0
19 3 3 5463 0
171 3 4 2075 0
59 3 5 4264 0
76 3 3 4278 0
180 3 6 3716 0
151 3 2 5778 0
13 3 5 2882 0
58 3 3 4090 0
172 3 6 3649 0
106 3 3 4249 0
99 3 8 5184 0
4 3 8 2960 0
199 3 0 7386 1
104 3 6 6514 0
98 3 5 2651 0
77 3 1 5992 0
125 3 9 2350 0
21 3 8 3278 0
45 3 7 4596 0
41 3 7 3256 0
153 3 3 3670 0
16 3 5 4891 0
121 3 2 6426 0
71 3 2 6950 0
109 3 6 7364 0
51 3 8 2645 0
47 3 9 2965 0
39 3 9 3472 0
134 3 5 3544 0
135 3 4 4127 0
198 3 0 5209 1
156 3 7 3985 0
73 3 9 2480 0
131 3 9 1675 0
75 3 7 4583 0
93 3 9 1501 0
64 3 9 1803 0
101 3 9 1391 0
113 3 8 2453 0
95 3 4 6278 0
83 3 6 2771 0
97 3 7 2854 0
149 3 3 3705 0
53 3 1 4694 0
136 3 6 5457 0
74 3 0 8322 0
179 3 6 2571 0
7 3 2 3976 0
194 3 0 5572 1
15 3 6 4511 0
152 3 3 3650 0
150 3 5 2503 0
94 3 9 3775 0
49 3 8 7370 0
89 3 8 3071 0
6 3 2 6303 0
8 3 2 3122 0
80 3 5 5278 0
144 3 5 5244 0
66 3 2 8748 0
46 3 4 5346 0
138 3 3 5794 0
14 3 8 2493 0
185 3 0 5982 1
118 3 9 1768 0
161 3 0 6107 0
157 3 7 5162 0
108 3 3 8432 0
40 3 8 4681 0
54 3 9 1842 0
79 3 5 2020 0
18 3 6 3311 0
33 3 4 5201 0
92 3 8 2940 0
56 3 3 4558 0
184 3 0 5946 1
127 3 2 4048 0
107 3 8 2784 0
69 3 6 5835 0
168 3 6 3553 0
67 3 3 7911 0
177 3 5 3202 0
90 3 7 5296 0
60 3 8 2524 0
116 3 7 3666 0
130 3 4 2511 0
163 3 2 7361 0
190 3 0 7428 1
34 3 4 7840 0
110 3 8 3042 0
102 3 7 3349 0
120 3 7 2842 0
12 3 9 2322 0
42 3 1 5813 0
117 3 5 5806 0
162 3 3 4654 0
173 3 1 4081 0
176 3 5 3450 0
181 3 5 4295 0
146 3 5 5497 0
126 3 6 3587 0
28 3 2 3976 0
35 3 7 3719 0
