72 3 9 6521 0
174 3 3 5439 0
134 3 7 6451 0
24 3 8 3575 0
78 3 5 6760 0
130 3 0 8373 1
64 3 9 3747 0
80 3 6 4171 0
55 3 6 8940 0
30 3 -1 10000 1
90 3 7 2189 0
63 3 6 5330 0
107 3 7 5290 0
162 3 0 6602 1
73 3 9 5880 0
23 3 7 2198 0
117 3 8 2309 0
46 3 6 2643 0
93 3 9 1895 0
119 3 3 3214 0
71 3 2 5335 0
104 3 7 3002 0
179 3 7 3079 0
192 3 0 2721 1
75 3 9 1791 0
136 3 7 2532 0
92 3 9 4149 0
39 3 9 2801 0
67 3 7 4213 0
70 3 7 3223 0
56 3 3 6673 0
178 3 7 7915 0
68 3 9 2213 0
1 3 5 2649 0
61 3 1 6276 0
69 3 7 6327 0
193 3 0 3117 1
129 3 0 6622 0
87 3 0 6771 0
40 3 9 1792 0
141 3 8 4036 0
145 3 0 4077 0
133 3 8 9037 0
100 3 6 4914 0
26 3 2 7377 0
28 3 4 2998 0
184 3 1 9447 1
161 3 7 6233 0
93 3 9 4087 0
152 3 3 3759 0
180 3 8 4352 0
166 3 9 1618 0
59 3 5 8810 0
131 3 9 4919 0
86 3 6 3894 0
19 3 7 4946 0
167 3 5 6332 0
11 3 5 2443 0
143 3 6 6107 0
191 3 0 4880 1
9 3 8 5302 0
95 3 9 2967 0
14 3 9 1619 0
188 3 0 4874 1
18 3 8 6208 0
176 3 8 3347 0
54 3 9 2510 0
150 3 9 7307 0
173 3 7 2657 0
107 3 5 2907 0
101 3 9 4970 0
46 3 7 9372 0
109 3 6 5307 0
170 3 7 8664 0
185 3 0 6408 1
194 3 0 3865 1
148 3 9 2569 0
151 3 7 2277 0
35 3 7 3738 0
81 3 3 3158 0
21 3 6 7538 0
174 3 3 9312 0
182 3 0 3887 1
147 3 7 8325 0
53 3 2 5768 0
85 3 6 2435 0
57 3 7 4613 0
127 3 7 5791 0
7 3 -1 10000 0
168 3 7 4407 0
187 3 0 5664 1
64 3 9 2121 0
80 3 6 4428 0
78 3 5 9349 0
139 3 6 6921 0
105 3 8 5005 0
118 3 9 3994 0
48 3 9 1781 0
110 3 9 1487 0
76 3 4 4006 0
114 3 4 4929 0
198 3 0 5439 1
3 3 8 2215 0
51 3 7 2667 0
77 3 7 5130 0
17 3 7 5566 0
154 3 0 7309 0
79 3 6 2833 0
10 3 6 3774 0
200 3 0 7788 1
162 3 3 4923 0
29 3 6 3525 0
88 3 6 2350 0
111 3 4 8285 0
153 3 4 2343 0
199 3 0 7136 1
45 3 6 7865 0
186 3 0 5537 1
33 3 8 2930 0
98 3 7 7462 0
137 3 6 3041 0
165 3 5 7021 0
163 3 3 4779 0
115 3 7 3910 0
34 3 4 6902 0
156 3 9 3270 0
58 3 8 2757 0
72 3 9 2509 0
82 3 9 5353 0
197 3 0 4236 1
30 3 8 6401 0
116 3 8 3155 0
83 3 9 1986 0
149 3 4 6619 0
8 3 6 6151 0
121 3 6 9224 0
94 3 9 1998 0
172 3 9 2927 0
90 3 9 3715 0
126 3 7 7709 0
164 3 9 2784 0
97 3 9 6103 0
37 3 9 4307 0
157 3 8 7673 0
124 3 7 3233 0
181 3 5 5737 0
169 3 6 9233 0
195 3 0 3271 1
62 3 9 3601 0
84 3 9 5499 0
38 3 7 4864 0
13 3 7 3497 0
108 3 8 3937 0
73 3 9 5379 0
113 3 9 1969 0
65 3 9 2667 0
50 3 7 5035 0
41 3 4 7364 0
89 3 9 2390 0
159 3 7 3606 0
132 3 -1 10000 0
177 3 7 8402 0
22 3 3 4631 0
42 3 4 7622 0
130 3 4 3517 0
196 3 0 2841 1
55 3 6 3379 0
15 3 6 5279 0
103 3 9 2147 0
47 3 8 6996 0
117 3 7 3203 0
49 3 7 1703 0
125 3 9 1677 0
158 3 9 5318 0
20 3 8 4303 0
146 3 7 7817 0
183 3 0 7088 1
123 3 7 3764 0
96 3 7 3790 0
112 3 8 3269 0
91 3 4 5457 0
190 3 0 3986 1
120 3 7 4197 0
24 3 6 4251 0
6 3 3 8088 0
36 3 9 1952 0
63 3 5 8202 0
74 3 3 5121 0
144 3 5 3732 0
23 3 8 2329 0
160 3 8 2886 0
122 3 8 5791 0
44 3 5 7250 0
5 3 6 7284 0
4 3 8 2848 0
135 3 7 5609 0
140 3 8 8657 0
31 3 5 7920 0
16 3 5 7582 0
52 3 8 3603 0
99 3 8 5950 0
32 3 6 8760 0
189 3 0 3378 1
27 3 8 3686 0
60 3 7 6863 0
119 3 7 9079 0
66 3 3 9198 0
128 3 8 2247 0
134 3 3 4439 0
171 3 5 8994 0
25 3 -1 10000 0
102 3 7 2507 0
142 3 6 8784 0
106 3 5 8424 0
155 3 8 6046 0
2 3 5 5710 0
12 3 8 3472 0
43 3 7 7596 0
175 3 9 2281 0
138 3 5 3547 0
