47 3 9 4685 0
156 3 6 5564 0
57 3 2 6774 0
64 3 6 2576 0
70 3 3 1765 0
173 3 1 1499 0
175 3 4 2342 0
8 3 0 1534 0
52 3 2 2276 0
77 3 1 2282 1
159 3 2 2978 0
118 3 7 1533 0
31 3 8 3009 0
120 3 8 1549 0
88 3 6 2317 0
116 3 4 4617 0
72 3 7 2496 0
165 3 5 2099 0
9 3 6 3154 0
61 3 4 2392 0
122 3 7 2387 0
171 3 5 1520 0
116 3 4 2696 0
27 3 4 2712 0
59 3 5 1799 0
108 3 0 3314 0
65 3 4 1814 0
49 3 5 1674 0
155 3 7 1491 0
132 3 5 2201 0
138 3 1 2695 0
89 3 3 1638 0
188 3 0 3009 1
117 3 4 2014 0
185 3 0 3095 1
21 3 5 1382 0
196 3 0 3348 1
157 3 3 2487 0
107 3 6 3054 0
156 3 6 2261 0
79 3 4 3324 0
31 3 7 2657 0
8 3 0 3810 0
78 3 3 2377 0
175 3 2 1882 0
161 3 1 2425 0
166 3 9 2081 0
44 3 8 2214 0
45 3 8 1779 0
30 3 8 1042 0
55 3 6 1647 0
170 3 5 3634 0
99 3 5 4687 0
5 3 3 2720 0
24 3 6 4571 0
182 3 0 1811 1
63 3 3 1846 0
139 3 7 2064 0
26 3 6 3196 0
178 3 9 2215 0
11 3 3 2142 0
149 3 5 4716 0
124 3 7 9776 0
164 3 9 2033 0
37 3 2 2279 0
198 3 4 2328 1
148 3 7 4205 0
25 3 8 2035 0
69 3 0 4472 0
192 3 0 2645 1
130 3 0 1249 0
91 3 4 2151 0
54 3 8 1458 0
80 3 6 2995 0
189 3 0 4217 1
70 3 7 1525 0
82 3 6 1766 0
176 3 6 1945 0
129 3 2 3553 0
112 3 8 2341 0
194 3 0 1940 1
114 3 2 3514 0
23 3 6 2168 0
39 3 8 1649 0
73 3 8 3275 0
6 3 6 1847 0
126 3 5 1288 0
42 3 0 2844 0
195 3 0 2211 1
20 3 5 1561 0
36 3 8 2468 0
14 3 9 2172 0
109 3 6 1425 0
143 3 5 2701 0
43 3 7 3216 0
67 3 6 2166 0
100 3 3 2007 0
29 3 7 1597 0
56 3 3 3039 0
22 3 2 2166 0
119 3 2 1984 0
144 3 0 3655 0
200 3 0 1292 1
9 3 4 1515 0
62 3 8 1458 0
68 3 6 1535 0
32 3 7 1615 0
177 3 6 1576 0
83 3 6 3367 0
179 3 8 1464 0
85 3 5 1687 0
96 3 7 1369 0
105 3 3 1934 0
1 3 7 1527 0
16 3 7 1663 0
163 3 6 1700 0
97 3 7 1307 0
186 3 0 2974 1
113 3 7 1421 0
17 3 5 2207 0
152 3 6 1776 0
18 3 7 1259 0
159 3 4 1476 0
102 3 7 1140 0
33 3 5 1499 0
41 3 4 2510 0
172 3 7 3086 0
66 3 2 2722 0
183 3 0 2802 1
93 3 8 1406 0
115 3 5 1355 0
158 3 6 1605 0
76 3 0 1926 0
154 3 4 2349 0
72 3 7 1243 0
141 3 7 1463 0
3 3 6 2858 0
34 3 0 3292 0
94 3 7 1304 0
145 3 0 2250 0
81 3 2 2162 0
74 3 5 2024 0
47 3 8 1630 0
10 3 6 2268 0
127 3 4 2935 0
123 3 5 1703 0
135 3 0 6110 0
118 3 9 1213 0
88 3 3 2816 0
174 3 5 1598 0
35 3 7 1740 0
95 3 5 2606 0
60 3 7 1861 0
111 3 4 1585 0
38 3 5 1856 0
48 3 9 2936 0
75 3 7 1493 0
57 3 3 1553 0
167 3 4 1930 0
7 3 2 3370 0
191 3 0 2665 1
187 3 0 1470 1
50 3 7 1424 0
134 3 6 1496 0
147 3 4 1819 0
28 3 2 3195 0
103 3 8 1367 0
46 3 6 1609 0
190 3 0 2957 1
199 3 0 1713 1
61 3 4 1747 0
84 3 7 1621 0
19 3 4 2429 0
13 3 7 1596 0
173 3 1 6205 0
77 3 0 4828 0
40 3 7 3098 0
98 3 7 3808 0
184 3 0 3440 1
193 3 0 1529 1
121 3 3 3470 0
12 3 8 1655 0
71 3 0 3283 0
58 3 5 1198 0
180 3 5 1678 0
153 3 0 2442 0
140 3 7 1252 0
110 3 7 1695 0
165 3 5 1748 0
64 3 5 2283 0
90 3 5 1509 0
92 3 5 2847 0
150 3 0 2607 0
53 3 2 1173 0
4 3 7 1811 0
101 3 4 1877 0
15 3 8 2660 0
125 3 7 1938 0
2 3 6 1977 0
120 3 5 1514 0
133 3 3 2726 0
106 3 7 1648 0
51 3 6 1967 0
162 3 3 2136 0
128 3 4 3306 0
136 3 6 1972 0
181 3 0 2777 0
131 3 5 2246 0
137 3 0 2488 0
86 3 5 2908 0
169 3 3 4095 0
168 3 8 4840 0
142 3 9 1573 0
146 3 4 1900 0
197 3 0 3539 1
151 3 3 2422 0
52 3 3 6775 0
87 3 0 4585 0
104 3 3 1498 0
160 3 6 2209 0
