140 3 8 4428 0
10 3 7 2130 0
97 3 9 1600 0
37 3 3 3609 0
100 3 8 1774 0
26 3 6 2615 0
130 3 2 2344 0
173 3 1 2912 0
124 3 9 1422 0
110 3 9 2045 0
19 3 7 3621 0
20 3 9 1462 0
56 3 4 1953 0
83 3 9 1713 0
139 3 8 1986 0
112 3 9 1770 0
163 3 4 2947 0
63 3 7 2961 0
106 3 6 4865 0
116 3 7 2029 0
169 3 3 6608 0
111 3 9 1582 0
174 3 8 3676 0
146 3 9 1842 0
93 3 9 1013 0
192 3 1 2580 1
156 3 9 1607 0
80 3 9 2044 0
129 3 3 4935 0
172 3 9 1411 0
151 3 9 2677 0
91 3 2 2560 0
142 3 9 1518 0
69 3 8 4772 0
15 3 9 1831 0
118 3 9 6006 0
78 3 9 3683 0
48 3 9 6416 0
66 3 2 4090 0
52 3 9 1496 0
81 3 7 2885 0
35 3 9 2138 0
138 3 7 1776 0
47 3 9 1639 0
178 3 9 2734 0
135 3 1 2280 0
62 3 9 1410 0
140 3 9 1144 0
92 3 9 2369 0
61 3 3 4201 0
105 3 9 1774 0
168 3 9 1462 0
59 3 7 1937 0
176 3 7 4549 0
171 3 9 1878 0
163 3 7 4225 0
175 3 9 1187 0
170 3 9 1286 0
82 3 9 4483 0
76 3 3 4117 0
181 3 1 3959 0
37 3 0 5048 0
86 3 7 4288 0
55 3 9 1727 0
128 3 9 1157 0
79 3 9 2007 0
32 3 9 1649 0
36 3 9 1170 0
132 3 9 3114 0
188 3 1 5607 1
28 3 8 1979 0
49 3 9 1726 0
50 3 9 1270 0
155 3 9 2282 0
173 3 7 7334 0
43 3 9 1430 0
96 3 9 1768 0
159 3 9 2394 0
193 3 0 4358 1
5 3 9 2465 0
31 3 9 2056 0
4 3 9 1666 0
198 3 8 2958 1
95 3 9 1851 0
75 3 9 2541 0
152 3 9 2724 0
108 3 9 1927 0
12 3 9 2723 0
182 3 0 5181 1
22 3 9 6436 0
30 3 9 2315 0
158 3 8 2846 0
126 3 8 1848 0
73 3 9 1263 0
83 3 9 1788 0
54 3 9 1994 0
87 3 2 7411 0
11 3 9 1825 0
113 3 9 1438 0
153 3 6 2828 0
160 3 9 1438 0
147 3 6 3608 0
14 3 9 1383 0
144 3 4 5419 0
194 3 0 5245 1
114 3 3 4260 0
88 3 6 4973 0
65 3 9 2073 0
53 3 1 8149 0
166 3 9 1573 0
94 3 9 2468 0
145 3 8 5162 0
190 3 2 4374 1
197 3 1 7222 1
41 3 7 2177 0
130 3 8 2366 0
51 3 9 2025 0
58 3 9 2224 0
16 3 9 1312 0
42 3 1 4507 0
107 3 9 2100 0
13 3 7 3052 0
1 3 9 2271 0
19 3 8 4779 0
103 3 9 1224 0
45 3 9 4105 0
17 3 7 3802 0
21 3 9 1511 0
23 3 9 1545 0
189 3 1 3766 1
187 3 2 7130 1
77 3 3 5925 0
139 3 9 2736 0
117 3 9 1121 0
196 3 1 5438 1
26 3 9 2826 0
98 3 9 1189 0
97 3 9 1122 0
161 3 9 2847 0
7 3 8 2444 0
9 3 9 1532 0
56 3 8 2161 0
70 3 9 1488 0
27 3 9 1284 0
67 3 9 1398 0
115 3 9 2182 0
102 3 9 1686 0
121 3 7 2140 0
10 3 9 1732 0
100 3 9 2258 0
141 3 8 3151 0
165 3 9 1365 0
185 3 1 4061 1
8 3 4 3540 0
2 3 8 1634 0
6 3 7 5095 0
195 3 0 5938 1
131 3 9 1860 0
99 3 9 1151 0
25 3 9 2111 0
20 3 9 2955 0
119 3 3 5203 0
71 3 4 5716 0
85 3 8 2053 0
191 3 3 6413 1
124 3 9 2992 0
143 3 9 1513 0
60 3 7 2401 0
120 3 9 2329 0
104 3 7 4011 0
106 3 6 4720 0
149 3 9 2079 0
89 3 9 3448 0
110 3 9 1294 0
136 3 9 1328 0
3 3 8 2466 0
179 3 9 2093 0
162 3 7 3606 0
127 3 7 3729 0
39 3 9 1531 0
150 3 3 3948 0
164 3 9 1404 0
33 3 9 1969 0
183 3 0 4069 1
101 3 9 2322 0
46 3 9 1691 0
40 3 9 1335 0
134 3 9 2143 0
38 3 8 2259 0
68 3 9 2508 0
63 3 8 2910 0
123 3 9 1687 0
84 3 9 3071 0
64 3 9 1928 0
44 3 9 3367 0
177 3 9 1636 0
112 3 9 1588 0
34 3 8 3045 0
125 3 9 1392 0
167 3 8 2522 0
122 3 9 1781 0
72 3 9 1703 0
180 3 9 1345 0
186 3 1 4802 1
154 3 3 5405 0
200 3 2 4494 1
24 3 8 1948 0
133 3 9 1609 0
184 3 1 4528 1
116 3 8 2593 0
29 3 9 1626 0
157 3 9 1518 0
74 3 2 4069 0
109 3 9 3846 0
199 3 1 3995 1
90 3 9 2955 0
57 3 2 8337 0
148 3 9 1554 0
18 3 9 1504 0
137 3 4 5128 0
